3 0.815878 0.204058 0.040810 0.025806
3 0.581741 0.342085 0.038982 0.023320
3 0.576137 0.080709 0.042759 0.025806
3 0.094462 0.085681 0.042759 0.028292
3 0.311545 0.231166 0.037033 0.023320
3 0.475149 0.287869 0.037033 0.023320
3 0.147819 0.310005 0.040810 0.023320
3 0.315321 0.171978 0.038982 0.023320
3 0.581741 0.369194 0.040810 0.025806
3 0.579914 0.285383 0.040810 0.023320
3 0.473321 0.199086 0.042759 0.023320
3 0.142094 0.613405 0.037033 0.018467
3 0.579914 0.423529 0.044708 0.025806
3 0.479047 0.312491 0.037033 0.023320
3 0.642651 0.278043 0.035206 0.023320
3 0.084960 0.280411 0.040810 0.023320
3 0.142094 0.667622 0.035206 0.020953
3 0.926369 0.376651 0.055184 0.030778
3 0.644600 0.332260 0.040810 0.023320
3 0.815878 0.292841 0.044708 0.028292
3 0.644600 0.361854 0.042759 0.025806
3 0.138317 0.467920 0.042759 0.020953
3 0.823553 0.559188 0.044708 0.023320
3 0.477098 0.342085 0.040810 0.025806
3 0.593192 0.714499 0.040810 0.023320
3 0.764471 0.800796 0.044708 0.025806
3 0.147819 0.366826 0.035206 0.020953
3 0.954875 0.709527 0.040810 0.023320
3 0.764471 0.744093 0.040810 0.020953
3 0.484773 0.569014 0.035206 0.020953
3 0.486600 0.709527 0.042759 0.028292
3 0.585639 0.569014 0.044708 0.025806
3 0.817828 0.349543 0.049459 0.030778
3 0.140145 0.524622 0.038982 0.023320
3 0.589416 0.253303 0.035206 0.023320
3 0.814051 0.144870 0.044708 0.030778
3 0.244910 0.169492 0.038982 0.023320
3 0.482823 0.485203 0.042759 0.023320
3 0.086909 0.317463 0.040810 0.023320
3 0.473321 0.171978 0.038982 0.023320
3 0.642651 0.159667 0.040810 0.025806
3 0.151596 0.228680 0.038982 0.023320
3 0.090686 0.171978 0.042759 0.023320
3 0.153545 0.171978 0.038982 0.023320
3 0.098360 0.199086 0.035206 0.023320
3 0.642651 0.216369 0.042759 0.025806
3 0.576137 0.223708 0.046535 0.025806
3 0.147819 0.255789 0.040810 0.023320
3 0.147819 0.337232 0.038982 0.023320
3 0.096411 0.226194 0.037033 0.025806
3 0.475149 0.258275 0.042759 0.023320
3 0.745467 0.243477 0.040810 0.020953
3 0.583690 0.199086 0.038982 0.023320
3 0.153545 0.199086 0.037033 0.023320
3 0.313372 0.282897 0.040810 0.023320
3 0.414239 0.231166 0.037033 0.023320
3 0.244910 0.223708 0.038982 0.025806
3 0.477098 0.396420 0.042759 0.025806
3 0.140145 0.428382 0.042759 0.020953