3 0.553142 0.300417 0.081620 0.051612
3 0.758774 0.201691 0.081620 0.041906
3 0.225692 0.083315 0.070412 0.041906
3 0.549244 0.196957 0.074066 0.041906
3 0.762430 0.310361 0.077964 0.041906
3 0.762430 0.364577 0.081620 0.046640
3 0.888148 0.354635 0.085518 0.041906
3 0.758774 0.468039 0.089416 0.056584
3 0.556798 0.246201 0.074066 0.046640
3 0.884248 0.182041 0.070412 0.041906
3 0.888148 0.290473 0.081620 0.046640
3 0.568248 0.763981 0.066514 0.041906
3 0.769982 0.763981 0.089416 0.051612
3 0.564594 0.596359 0.085518 0.041906
3 0.777778 0.132795 0.070412 0.041906
3 0.549244 0.024127 0.085518 0.041906
3 0.880594 0.063663 0.085518 0.046640
3 0.750978 0.073607 0.089416 0.046640
3 0.549244 0.137767 0.085518 0.046640
3 0.766328 0.024127 0.074066 0.046640
3 0.229590 0.182041 0.077964 0.051612
3 0.427426 0.083315 0.074066 0.046640
3 0.092420 0.073607 0.074066 0.046640
3 0.549244 0.413823 0.089416 0.051612