3 0.144043 0.462948 0.040810 0.023320
3 0.473321 0.492542 0.040810 0.025806
3 0.155372 0.240992 0.037033 0.023320
3 0.810153 0.364340 0.040810 0.025806
3 0.576137 0.443179 0.040810 0.020953
3 0.309596 0.383991 0.035206 0.020953
3 0.471372 0.440812 0.037033 0.020953
3 0.577965 0.497514 0.038982 0.020953
3 0.311545 0.324802 0.040810 0.023320
3 0.577965 0.524622 0.040810 0.023320
3 0.640824 0.519651 0.042759 0.020953
3 0.404737 0.240992 0.038982 0.023320
3 0.311545 0.238506 0.042759 0.025806
3 0.576137 0.576353 0.044708 0.028292
3 0.475149 0.465434 0.037033 0.023320
3 0.638874 0.433354 0.035206 0.020953
3 0.079235 0.435840 0.040810 0.020953
3 0.640824 0.487570 0.040810 0.023320
3 0.812102 0.453123 0.044708 0.028292
3 0.815878 0.512311 0.048484 0.025806
3 0.136368 0.823050 0.035206 0.023320
3 0.762643 0.904375 0.040810 0.025806
3 0.760694 0.966050 0.044708 0.025806
3 0.136368 0.768715 0.037033 0.020953
3 0.480874 0.724324 0.033257 0.020953
3 0.581741 0.724324 0.044708 0.025806
3 0.819777 0.719471 0.044708 0.025806
3 0.949149 0.872295 0.038982 0.023320
3 0.480874 0.869928 0.044708 0.028292
3 0.591365 0.874781 0.038982 0.023320
3 0.147819 0.322435 0.038982 0.025806
3 0.479047 0.640513 0.042759 0.020953
3 0.134541 0.679933 0.038982 0.023320
3 0.585639 0.408731 0.035206 0.020953
3 0.142094 0.519651 0.037033 0.020953
3 0.808326 0.305152 0.044708 0.028292
3 0.084960 0.322435 0.042759 0.023320
3 0.471372 0.324802 0.035206 0.020953
3 0.081184 0.470406 0.042759 0.023320
3 0.147819 0.381623 0.038982 0.020953
3 0.241133 0.322435 0.038982 0.023320
3 0.471372 0.354397 0.042759 0.020953
3 0.092635 0.352029 0.035206 0.020953
3 0.637047 0.374165 0.042759 0.023320
3 0.572239 0.379137 0.044708 0.023320
3 0.144043 0.408731 0.040810 0.020953
3 0.637047 0.319949 0.042759 0.023320
3 0.142094 0.490056 0.040810 0.023320
3 0.092635 0.379137 0.033257 0.020953
3 0.471372 0.411217 0.042759 0.023320
3 0.741690 0.403760 0.038982 0.020953
3 0.579914 0.354397 0.037033 0.023320
3 0.147819 0.352029 0.040810 0.020953
3 0.311545 0.433354 0.038982 0.025806
3 0.410463 0.383991 0.037033 0.023320
3 0.242960 0.379137 0.037033 0.023320
3 0.922471 0.536934 0.053235 0.030778
3 0.471372 0.549245 0.044708 0.025806
3 0.134541 0.578839 0.042759 0.023320