3 0.669012 0.182185 0.089416 0.051612
3 0.216086 0.192129 0.089416 0.051612
3 0.672910 0.073751 0.089416 0.051612
3 0.551090 0.719853 0.074066 0.046640
3 0.025560 0.759391 0.081620 0.046640
3 0.341560 0.769333 0.081620 0.046640
3 0.216086 0.710145 0.085518 0.051612
3 0.882196 0.779041 0.081620 0.046640
3 0.547192 0.596503 0.081620 0.041906
3 0.882196 0.660663 0.081620 0.041906
3 0.878298 0.828523 0.081620 0.051612
3 0.025560 0.650957 0.077964 0.046640
3 0.223638 0.833257 0.077964 0.046640
3 0.669012 0.473391 0.089416 0.051612
3 0.889748 0.601475 0.074066 0.046640
3 0.669012 0.769333 0.085518 0.046640
3 0.334008 0.828523 0.081620 0.046640
3 0.554744 0.655691 0.070412 0.041906
3 0.227536 0.483099 0.077964 0.046640
3 0.337906 0.655691 0.085518 0.046640
3 0.551090 0.478127 0.081620 0.046640
3 0.878298 0.547259 0.085518 0.041906
3 0.665114 0.527609 0.077964 0.046640
3 0.219740 0.591769 0.081620 0.051612
3 0.672910 0.645985 0.077964 0.051612
3 0.882196 0.137911 0.085518 0.051612