3 0.175774 0.143691 0.081620 0.041906
3 0.179430 0.252361 0.077964 0.041906
3 0.179430 0.306577 0.081620 0.046640
3 0.305148 0.296635 0.085518 0.041906
3 0.175774 0.410039 0.089416 0.056584
3 0.301248 0.124041 0.070412 0.041906
3 0.305148 0.232473 0.081620 0.046640
3 0.647704 0.163579 0.089416 0.056584
3 0.655256 0.281955 0.096968 0.051612
3 0.186982 0.705981 0.089416 0.051612
3 0.663054 0.696275 0.089416 0.051612
3 0.194778 0.074795 0.070412 0.041906
3 0.167978 0.015607 0.089416 0.046640
3 0.506880 0.064853 0.077964 0.041906
3 0.868442 0.331201 0.106470 0.061556