3 0.101012 0.400851 0.089416 0.051612
3 0.104910 0.292417 0.089416 0.051612
3 0.634094 0.953433 0.089416 0.051612
3 0.314196 0.879329 0.081620 0.041906
3 0.101012 0.692057 0.089416 0.051612
3 0.801474 0.854707 0.081620 0.051612
3 0.321748 0.820141 0.074066 0.046640
3 0.443568 0.701765 0.077964 0.046640
3 0.664550 0.721651 0.074066 0.046640
3 0.645302 0.844763 0.089416 0.046640
3 0.801474 0.731359 0.085518 0.051612
3 0.101012 0.987999 0.085518 0.046640
3 0.797576 0.973085 0.081620 0.051612
3 0.310298 0.765925 0.085518 0.041906
3 0.097114 0.746275 0.077964 0.046640
3 0.104910 0.864651 0.077964 0.051612
3 0.314196 0.356577 0.085518 0.051612