3 0.265863 0.610919 0.018029 0.055400
3 0.705510 0.147237 0.019978 0.050547
3 0.469545 0.152209 0.016080 0.048061
3 0.796875 0.144870 0.018029 0.055400
3 0.513278 0.152209 0.016080 0.048061
3 0.577965 0.144870 0.019978 0.052914
3 0.625596 0.139898 0.018029 0.055400
3 0.267690 0.749065 0.018029 0.055400
3 0.657878 0.741607 0.021806 0.060372
3 0.840608 0.598608 0.021806 0.057886
3 0.749243 0.601094 0.018029 0.052914
3 0.777871 0.830390 0.018029 0.045575
3 0.437141 0.608433 0.019978 0.057886
3 0.734016 0.830390 0.018029 0.055400
3 0.956824 0.504853 0.021806 0.055400
3 0.724514 0.598608 0.018029 0.055400
3 0.867286 0.596122 0.016080 0.052914
3 0.842557 0.751551 0.018029 0.052914
3 0.724514 0.746579 0.019978 0.050547
3 0.772145 0.744093 0.018029 0.055400
3 0.709286 0.830390 0.018029 0.057886
3 0.895914 0.830390 0.018029 0.052914
3 0.922471 0.832876 0.018029 0.050547
3 0.793098 0.598608 0.019978 0.057886
3 0.804549 0.971021 0.018029 0.052914
3 0.772145 0.376651 0.019978 0.052914
3 0.419964 0.973507 0.018029 0.052914
3 0.871063 0.830390 0.019978 0.057886
3 0.770196 0.598608 0.018029 0.050547
3 0.933922 0.598608 0.021806 0.052914
3 0.610369 0.605947 0.018029 0.057886
3 0.935871 0.507339 0.019978 0.052914
3 0.547510 0.608433 0.014253 0.043089
3 0.545682 0.744093 0.018029 0.057886
3 0.888239 0.601094 0.019978 0.052914
3 0.863510 0.374165 0.019978 0.055400
3 0.954875 0.598608 0.021806 0.055400
3 0.817828 0.371680 0.018029 0.048061
3 0.819777 0.741607 0.021806 0.062858
3 0.933922 0.376651 0.021806 0.055400
3 0.701733 0.744093 0.021806 0.057886
3 0.958651 0.371680 0.021806 0.052914
3 0.888239 0.746579 0.021806 0.055400
3 0.909192 0.379137 0.019978 0.057886
3 0.798824 0.758890 0.018029 0.048061
3 0.815878 0.514797 0.019978 0.050547
3 0.937698 0.744093 0.019978 0.055400
3 0.823553 0.830390 0.021806 0.057886
3 0.678831 0.598608 0.021806 0.057886
3 0.656051 0.139898 0.018029 0.057886