3 0.888239 0.813107 0.046535 0.028292
3 0.370506 0.546759 0.044708 0.025806
3 0.144043 0.551731 0.044708 0.025806
3 0.835004 0.460462 0.048484 0.025806
3 0.817828 0.835362 0.042759 0.028292
3 0.492325 0.971021 0.019978 0.057886
3 0.372455 0.492542 0.044708 0.025806
3 0.637047 0.823050 0.044708 0.025806
3 0.545682 0.850159 0.038982 0.023320
3 0.311545 0.815593 0.037033 0.023320
3 0.048780 0.835362 0.040810 0.023320
3 0.206780 0.840333 0.040810 0.023320
3 0.144043 0.810739 0.042759 0.025806
3 0.477098 0.845187 0.040810 0.023320
3 0.309596 0.753918 0.040810 0.020953
3 0.467596 0.968535 0.018029 0.057886
3 0.477098 0.785998 0.040810 0.020953
3 0.446643 0.973507 0.018029 0.052914
3 0.815878 0.899522 0.044708 0.025806
3 0.475149 0.869928 0.040810 0.025806
3 0.823553 0.716985 0.044708 0.028292
3 0.892016 0.724324 0.038982 0.020953
3 0.638874 0.857498 0.044708 0.025806
3 0.821604 0.778659 0.046535 0.025806
3 0.815878 0.867442 0.042759 0.025806
3 0.048780 0.781145 0.038982 0.023320
3 0.147819 0.872295 0.038982 0.023320
3 0.370506 0.692362 0.044708 0.025806
3 0.720737 0.773687 0.040810 0.025806
3 0.888239 0.753918 0.042759 0.025806
3 0.541784 0.877267 0.044708 0.025806
3 0.480874 0.756404 0.037033 0.023320
3 0.541784 0.697216 0.038982 0.023320
3 0.652275 0.707159 0.037033 0.023320
3 0.642651 0.768715 0.044708 0.023320
3 0.825380 0.687391 0.046535 0.025806
3 0.646549 0.889578 0.040810 0.025806
3 0.720737 0.712013 0.042759 0.025806
3 0.370506 0.840333 0.042759 0.023320
3 0.203004 0.869928 0.040810 0.023320
3 0.313372 0.783512 0.035206 0.020953
3 0.884463 0.877267 0.049459 0.028292
3 0.890188 0.781145 0.048484 0.028292
3 0.718788 0.832876 0.040810 0.025806
3 0.817828 0.805767 0.044708 0.028292
3 0.149768 0.697216 0.038982 0.023320
3 0.886290 0.909347 0.046535 0.025806
3 0.204953 0.783512 0.042759 0.023320
3 0.311545 0.694730 0.040810 0.023320
3 0.475149 0.729296 0.042759 0.020953
3 0.821604 0.749065 0.044708 0.023320
3 0.368557 0.719471 0.038982 0.023320
3 0.145870 0.751551 0.040810 0.025806
3 0.372455 0.778659 0.038982 0.025806
3 0.477098 0.524622 0.042759 0.025806
3 0.833055 0.502368 0.048484 0.025806