3 0.710716 0.764549 0.043612 0.115772
3 0.527986 0.769521 0.036058 0.105828
3 0.943148 0.577039 0.043612 0.110800
3 0.478528 0.764549 0.036058 0.110800
3 0.764072 0.759577 0.032160 0.105828
3 0.615696 0.764549 0.039956 0.115772
3 0.573790 0.320635 0.039956 0.105828
3 0.569892 0.764549 0.036058 0.101094
3 0.897344 0.764549 0.043612 0.105828
3 0.250238 0.779227 0.036058 0.115772
3 0.901242 0.582011 0.039956 0.105828
3 0.124520 0.784199 0.028506 0.086178
3 0.805978 0.769521 0.039956 0.105828
3 0.756520 0.315663 0.039956 0.110800
3 0.939250 0.764549 0.043612 0.110800
3 0.665156 0.310693 0.036058 0.096122
3 0.897344 0.320635 0.043612 0.110800
3 0.946802 0.310693 0.043612 0.105828
3 0.847884 0.325607 0.039956 0.115772
3 0.661256 0.596927 0.039956 0.101094
3 0.387162 0.764549 0.043612 0.115772