3 0.393256 0.622547 0.043612 0.120744
3 0.758716 0.336549 0.043612 0.115772
3 0.575986 0.341521 0.036058 0.105828
3 0.633242 0.800113 0.036058 0.091150
3 0.545532 0.800113 0.036058 0.110800
3 0.526528 0.336549 0.036058 0.110800
3 0.812072 0.331577 0.032160 0.105828
3 0.762614 0.642435 0.036058 0.105828
3 0.526528 0.632491 0.039956 0.101094
3 0.621790 0.627519 0.036058 0.110800
3 0.496072 0.800113 0.036058 0.115772
3 0.869328 0.800113 0.036058 0.105828
3 0.922442 0.805085 0.036058 0.101094
3 0.663696 0.336549 0.039956 0.115772
3 0.819626 0.800113 0.039956 0.115772
3 0.617892 0.336549 0.036058 0.101094
3 0.945344 0.336549 0.043612 0.105828
3 0.298238 0.351227 0.036058 0.115772
3 0.949242 0.154011 0.039956 0.105828
3 0.172520 0.356199 0.028506 0.086178
3 0.168864 0.627519 0.036058 0.115772
3 0.853978 0.341521 0.039956 0.105828
3 0.987250 0.336549 0.043612 0.110800
3 0.717054 0.622547 0.043612 0.125716
3 0.480966 0.627519 0.043612 0.115772
3 0.853978 0.632491 0.043612 0.110800
3 0.675148 0.657113 0.036058 0.096122
3 0.709256 0.168927 0.039956 0.101094
3 0.952896 0.627519 0.039956 0.110800
3 0.724606 0.800113 0.043612 0.115772
3 0.435162 0.336549 0.043612 0.115772